8
Bucuresti
Cluj-Napoca
Timisoara
Iasi
Constanta
Brasov
Oradea
Sibiu
0 447 629 358 225 166 615 276
447 0 506 471 651 287 358 575
629 506 0 714 453 413 727 177
358 471 714 0 500 481 637 131
225 651 453 500 0 284 660 201
166 287 413 481 284 0 487 102
615 358 727 637 660 487 0 666
276 575 177 131 201 102 666 0
3