12
Bucuresti
Cluj-Napoca
Timisoara
Iasi
Constanta
Brasov
Oradea
Sibiu
Craiova
Galati
Ploiesti
Arad
0 447 629 358 225 166 615 276 179 332 37 546
447 0 506 471 651 287 358 575 585 699 415 506
629 506 0 714 453 413 727 177 488 533 589 425
358 471 714 0 500 481 637 131 447 514 282 334
225 651 453 500 0 284 660 201 464 253 219 650
166 287 413 481 284 0 487 102 362 229 166 344
615 358 727 637 660 487 0 666 700 651 617 447
276 575 177 131 201 102 666 0 361 166 179 295
179 585 488 447 464 362 700 361 0 235 271 372
332 699 533 514 253 229 651 166 235 0 282 600
37 415 589 282 219 166 617 179 271 282 0 516
546 506 425 334 650 344 447 295 372 600 516 0
6